Date,Low,High,Last,Change,% Change
25 Jul 2025,-, -,5.7635,-0.0135, -0.23%
24 Jul 2025,-, -,5.777,-0.018, -0.31%
23 Jul 2025,-, -,5.795,0.098, 1.72%
22 Jul 2025,-, -,5.697,0.0865, 1.54%
21 Jul 2025,-, -,5.6105,0.0325, 0.58%
18 Jul 2025,-, -,5.578,0.092, 1.68%
17 Jul 2025,-, -,5.486,-0.0105, -0.19%
16 Jul 2025,-, -,5.4965,-0.0495, -0.89%
15 Jul 2025,-, -,5.546,0.031, 0.56%
14 Jul 2025,-, -,5.515,-0.047, -0.85%
11 Jul 2025,-, -,5.562,0.014, 0.25%
10 Jul 2025,-, -,5.548,0.1045, 1.92%
09 Jul 2025,-, -,5.4435,-0.2015, -3.57%
08 Jul 2025,-, -,5.645,0.6605, 13.25%
07 Jul 2025,-, -,4.9845,-0.1125, -2.21%
03 Jul 2025,-, -,5.097,-0.052, -1.01%
02 Jul 2025,-, -,5.149,0.101, 2.00%
01 Jul 2025,-, -,5.048,0.018, 0.36%
30 Jun 2025,-, -,5.03,-0.0385, -0.76%
27 Jun 2025,-, -,5.0685,0.003, 0.06%
26 Jun 2025,-, -,5.0655,0.1525, 3.10%
25 Jun 2025,-, -,4.913,0.046, 0.95%
24 Jun 2025,-, -,4.867,0.024, 0.50%
23 Jun 2025,-, -,4.843,0.017, 0.35%
20 Jun 2025,-, -,4.826,-0.019, -0.39%
18 Jun 2025,-, -,4.845,0.0445, 0.93%
17 Jun 2025,-, -,4.8005,-0.026, -0.54%
16 Jun 2025,-, -,4.8265,0.0235, 0.49%
13 Jun 2025,-, -,4.803,-0.0185, -0.38%
12 Jun 2025,-, -,4.8215,0.0205, 0.43%
11 Jun 2025,-, -,4.801,-0.083, -1.70%
10 Jun 2025,-, -,4.884,-0.0255, -0.52%
09 Jun 2025,-, -,4.9095,0.0795, 1.65%
06 Jun 2025,-, -,4.83,-0.0835, -1.70%
05 Jun 2025,-, -,4.9135,0.049, 1.01%
04 Jun 2025,-, -,4.8645,0.055, 1.14%
03 Jun 2025,-, -,4.8095,-0.025, -0.52%
02 Jun 2025,-, -,4.8345,0.182, 3.91%
30 May 2025,-, -,4.6525,-0.001, -0.02%
29 May 2025,-, -,4.6535,0.0095, 0.20%
28 May 2025,-, -,4.644,-0.066, -1.40%
27 May 2025,-, -,4.71,-0.0965, -2.01%
23 May 2025,-, -,4.8065,0.158, 3.40%
22 May 2025,-, -,4.6485,0.0105, 0.23%
21 May 2025,-, -,4.638,0.0185, 0.40%
20 May 2025,-, -,4.6195,-0.014, -0.30%
19 May 2025,-, -,4.6335,0.078, 1.71%
16 May 2025,-, -,4.5555,-0.089, -1.92%
15 May 2025,-, -,4.6445,0.0335, 0.73%
14 May 2025,-, -,4.611,-0.0705, -1.51%
13 May 2025,-, -,4.6815,0.103, 2.25%
12 May 2025,-, -,4.5785,-0.0325, -0.70%
09 May 2025,-, -,4.611,0.05, 1.10%
08 May 2025,-, -,4.561,-0.0555, -1.20%
07 May 2025,-, -,4.6165,-0.1185, -2.50%
06 May 2025,-, -,4.735,0.08, 1.72%
05 May 2025,-, -,4.655,0.0275, 0.59%
02 May 2025,-, -,4.6275,0.0465, 1.02%
01 May 2025,-, -,4.581,0.021, 0.46%
30 Apr 2025,-, -,4.56,-0.263, -5.45%
29 Apr 2025,-, -,4.823,-0.015, -0.31%
28 Apr 2025,-, -,4.838,0.0025, 0.05%
25 Apr 2025,-, -,4.8355,-0.0145, -0.30%
24 Apr 2025,-, -,4.85,0.0145, 0.30%
23 Apr 2025,-, -,4.8355,-0.035, -0.72%
22 Apr 2025,-, -,4.8705,0.1495, 3.17%
21 Apr 2025,-, -,4.721,-0.0105, -0.22%
17 Apr 2025,-, -,4.7315,0.0575, 1.23%
16 Apr 2025,-, -,4.674,0.063, 1.37%
15 Apr 2025,-, -,4.611,0.0005, 0.01%
14 Apr 2025,-, -,4.6105,0.103, 2.29%
11 Apr 2025,-, -,4.5075,0.1865, 4.32%
10 Apr 2025,-, -,4.321,0.1455, 3.48%
09 Apr 2025,-, -,4.1755,0.048, 1.16%
08 Apr 2025,-, -,4.1275,-0.0415, -1.00%
07 Apr 2025,-, -,4.169,-0.2155, -4.92%
04 Apr 2025,-, -,4.3845,-0.4265, -8.87%
03 Apr 2025,-, -,4.811,-0.2125, -4.23%
02 Apr 2025,-, -,5.0235,0.0045, 0.09%
01 Apr 2025,-, -,5.019,-0.001, -0.02%
31 Mar 2025,-, -,5.02,-0.0925, -1.81%
28 Mar 2025,-, -,5.1125,0.015, 0.29%
27 Mar 2025,-, -,5.0975,-0.1185, -2.27%
26 Mar 2025,-, -,5.216,0.033, 0.64%
25 Mar 2025,-, -,5.183,0.119, 2.35%
24 Mar 2025,-, -,5.064,-0.0235, -0.46%
21 Mar 2025,-, -,5.0875,0.0025, 0.05%
20 Mar 2025,-, -,5.085,0.009, 0.18%
19 Mar 2025,-, -,5.076,0.083, 1.66%
18 Mar 2025,-, -,4.993,0.0595, 1.21%
17 Mar 2025,-, -,4.9335,0.064, 1.31%
14 Mar 2025,-, -,4.8695,-0.029, -0.59%
13 Mar 2025,-, -,4.8985,0.0775, 1.61%
12 Mar 2025,-, -,4.821,0.081, 1.71%
11 Mar 2025,-, -,4.74,0.1005, 2.17%
10 Mar 2025,-, -,4.6395,-0.0435, -0.93%
07 Mar 2025,-, -,4.683,-0.096, -2.01%
06 Mar 2025,-, -,4.779,0.0125, 0.26%
05 Mar 2025,-, -,4.7665,0.239, 5.28%
04 Mar 2025,-, -,4.5275,-0.049, -1.07%
03 Mar 2025,-, -,4.5765,0.062, 1.37%
28 Feb 2025,-, -,4.5145,-0.0655, -1.43%
27 Feb 2025,-, -,4.58,0.038, 0.84%
26 Feb 2025,-, -,4.542,0.056, 1.25%
25 Feb 2025,-, -,4.486,-0.031, -0.69%
24 Feb 2025,-, -,4.517,-0.043, -0.94%
21 Feb 2025,-, -,4.56,-0.048, -1.04%
20 Feb 2025,-, -,4.608,0.051, 1.12%
19 Feb 2025,-, -,4.557,-0.028, -0.61%
18 Feb 2025,-, -,4.585,-0.0715, -1.54%
14 Feb 2025,-, -,4.6565,-0.1125, -2.36%
13 Feb 2025,-, -,4.769,0.071, 1.51%
12 Feb 2025,-, -,4.698,0.1035, 2.25%
11 Feb 2025,-, -,4.5945,-0.106, -2.26%
10 Feb 2025,-, -,4.7005,0.119, 2.60%
07 Feb 2025,-, -,4.5815,0.128, 2.87%
06 Feb 2025,-, -,4.4535,0.019, 0.43%
05 Feb 2025,-, -,4.4345,0.092, 2.12%
04 Feb 2025,-, -,4.3425,0.0485, 1.13%
03 Feb 2025,-, -,4.294,0.032, 0.75%
31 Jan 2025,-, -,4.262,-0.026, -0.61%
30 Jan 2025,-, -,4.288,0.0305, 0.72%
29 Jan 2025,-, -,4.2575,0.037, 0.88%
28 Jan 2025,-, -,4.2205,0.017, 0.40%
27 Jan 2025,-, -,4.2035,-0.0865, -2.02%
24 Jan 2025,-, -,4.29,-0.0095, -0.22%
23 Jan 2025,-, -,4.2995,0.028, 0.66%
22 Jan 2025,-, -,4.2715,-0.0395, -0.92%
21 Jan 2025,-, -,4.311,-0.0265, -0.61%
17 Jan 2025,-, -,4.3375,-0.073, -1.66%
16 Jan 2025,-, -,4.4105,0.051, 1.17%
15 Jan 2025,-, -,4.3595,0.049, 1.14%
14 Jan 2025,-, -,4.3105,0.015, 0.35%
13 Jan 2025,-, -,4.2955,0.021, 0.49%
10 Jan 2025,-, -,4.2745,-0.005, -0.12%
09 Jan 2025,-, -,4.2795,0.052, 1.23%
08 Jan 2025,-, -,4.2275,0.067, 1.61%
07 Jan 2025,-, -,4.1605,0.0335, 0.81%
06 Jan 2025,-, -,4.127,0.0875, 2.17%
03 Jan 2025,-, -,4.0395,0.051, 1.28%
02 Jan 2025,-, -,3.9885,0.0025, 0.06%
31 Dec 2024,-, -,3.986,-0.0595, -1.47%
30 Dec 2024,-, -,4.0455,-0.017, -0.42%
27 Dec 2024,-, -,4.0625,-0.0095, -0.23%
26 Dec 2024,-, -,4.072,0.0225, 0.56%
24 Dec 2024,-, -,4.0495,0.0265, 0.66%
23 Dec 2024,-, -,4.023,-0.018, -0.45%
20 Dec 2024,-, -,4.041,0.0205, 0.51%
19 Dec 2024,-, -,4.0205,-0.0795, -1.94%
18 Dec 2024,-, -,4.1,0.0085, 0.21%
17 Dec 2024,-, -,4.0915,-0.052, -1.25%
16 Dec 2024,-, -,4.1435,-0.0055, -0.13%
13 Dec 2024,-, -,4.149,-0.046, -1.10%
12 Dec 2024,-, -,4.195,-0.019, -0.45%
11 Dec 2024,-, -,4.214,-0.0095, -0.22%
10 Dec 2024,-, -,4.2235,0.0, 0.00%
09 Dec 2024,-, -,4.2235,0.085, 2.05%
06 Dec 2024,-, -,4.1385,0.0035, 0.08%
05 Dec 2024,-, -,4.135,-0.007, -0.17%
04 Dec 2024,-, -,4.142,-0.004, -0.10%
03 Dec 2024,-, -,4.146,0.0705, 1.73%
02 Dec 2024,-, -,4.0755,-0.005, -0.12%
29 Nov 2024,-, -,4.0805,0.0135, 0.33%
27 Nov 2024,-, -,4.067,0.028, 0.69%
26 Nov 2024,-, -,4.039,-0.0525, -1.28%
25 Nov 2024,-, -,4.0915,0.0175, 0.43%
22 Nov 2024,-, -,4.074,-0.039, -0.95%
21 Nov 2024,-, -,4.113,-0.0305, -0.74%
20 Nov 2024,-, -,4.1435,0.0135, 0.33%
19 Nov 2024,-, -,4.13,0.022, 0.54%
18 Nov 2024,-, -,4.108,0.057, 1.41%
15 Nov 2024,-, -,4.051,-0.022, -0.54%
14 Nov 2024,-, -,4.073,0.007, 0.17%
13 Nov 2024,-, -,4.066,-0.0535, -1.30%
12 Nov 2024,-, -,4.1195,-0.0915, -2.17%
11 Nov 2024,-, -,4.211,-0.0755, -1.76%
08 Nov 2024,-, -,4.2865,-0.1235, -2.80%
07 Nov 2024,-, -,4.41,0.1875, 4.44%
06 Nov 2024,-, -,4.2225,-0.228, -5.12%
05 Nov 2024,-, -,4.4505,0.0435, 0.99%
04 Nov 2024,-, -,4.407,0.0595, 1.37%
01 Nov 2024,-, -,4.3475,0.034, 0.79%
31 Oct 2024,-, -,4.3135,-0.014, -0.32%
30 Oct 2024,-, -,4.3275,-0.005, -0.12%
29 Oct 2024,-, -,4.3325,0.0005, 0.01%
28 Oct 2024,-, -,4.332,-0.0075, -0.17%
25 Oct 2024,-, -,4.3395,0.02, 0.46%
24 Oct 2024,-, -,4.3195,0.015, 0.35%
23 Oct 2024,-, -,4.3045,-0.0435, -1.00%
22 Oct 2024,-, -,4.348,0.025, 0.58%
21 Oct 2024,-, -,4.323,-0.023, -0.53%
18 Oct 2024,-, -,4.346,0.0595, 1.39%
17 Oct 2024,-, -,4.2865,-0.045, -1.04%
16 Oct 2024,-, -,4.3315,0.031, 0.72%
15 Oct 2024,-, -,4.3005,-0.063, -1.44%
14 Oct 2024,-, -,4.3635,-0.088, -1.98%
11 Oct 2024,-, -,4.4515,0.0665, 1.52%
10 Oct 2024,-, -,4.385,0.03, 0.69%
09 Oct 2024,-, -,4.355,-0.057, -1.29%
08 Oct 2024,-, -,4.412,-0.107, -2.37%
07 Oct 2024,-, -,4.519,-0.0035, -0.08%
04 Oct 2024,-, -,4.5225,0.0205, 0.46%
03 Oct 2024,-, -,4.502,-0.094, -2.05%
02 Oct 2024,-, -,4.596,0.0605, 1.33%
01 Oct 2024,-, -,4.5355,0.0395, 0.88%
30 Sep 2024,-, -,4.496,-0.045, -0.99%
27 Sep 2024,-, -,4.541,-0.04, -0.87%
26 Sep 2024,-, -,4.581,0.153, 3.46%
25 Sep 2024,-, -,4.428,-0.0015, -0.03%
24 Sep 2024,-, -,4.4295,0.1405, 3.28%
23 Sep 2024,-, -,4.289,0.0075, 0.18%
20 Sep 2024,-, -,4.2815,-0.0045, -0.10%
19 Sep 2024,-, -,4.286,0.048, 1.13%
18 Sep 2024,-, -,4.238,0.0245, 0.58%
17 Sep 2024,-, -,4.2135,0.0005, 0.01%
16 Sep 2024,-, -,4.213,0.038, 0.91%
13 Sep 2024,-, -,4.175,0.042, 1.02%
12 Sep 2024,-, -,4.133,0.05, 1.22%
11 Sep 2024,-, -,4.083,0.0425, 1.05%
10 Sep 2024,-, -,4.0405,-0.044, -1.08%
09 Sep 2024,-, -,4.0845,0.07, 1.74%
06 Sep 2024,-, -,4.0145,-0.063, -1.55%
05 Sep 2024,-, -,4.0775,0.058, 1.44%
04 Sep 2024,-, -,4.0195,-0.0125, -0.31%
03 Sep 2024,-, -,4.032,-0.113, -2.73%
30 Aug 2024,-, -,4.145,-0.0025, -0.06%
29 Aug 2024,-, -,4.1475,0.0025, 0.06%
28 Aug 2024,-, -,4.145,-0.0855, -2.02%
27 Aug 2024,-, -,4.2305,0.019, 0.45%
26 Aug 2024,-, -,4.2115,0.017, 0.41%
23 Aug 2024,-, -,4.1945,0.0535, 1.29%
22 Aug 2024,-, -,4.141,-0.0405, -0.97%
21 Aug 2024,-, -,4.1815,0.032, 0.77%
20 Aug 2024,-, -,4.1495,-0.017, -0.41%
19 Aug 2024,-, -,4.1665,0.039, 0.94%
16 Aug 2024,-, -,4.1275,-0.0115, -0.28%
15 Aug 2024,-, -,4.139,0.114, 2.83%
14 Aug 2024,-, -,4.025,-0.011, -0.27%
13 Aug 2024,-, -,4.036,-0.019, -0.47%
12 Aug 2024,-, -,4.055,0.075, 1.88%
09 Aug 2024,-, -,3.98,0.035, 0.89%
08 Aug 2024,-, -,3.945,0.0075, 0.19%
07 Aug 2024,-, -,3.9375,-0.074, -1.84%
06 Aug 2024,-, -,4.0115,0.0275, 0.69%
05 Aug 2024,-, -,3.984,-0.1, -2.45%
02 Aug 2024,-, -,4.084,0.0175, 0.43%
01 Aug 2024,-, -,4.0665,-0.0935, -2.25%
31 Jul 2024,-, -,4.16,0.097, 2.39%
30 Jul 2024,-, -,4.063,0.001, 0.02%
29 Jul 2024,-, -,4.062,-0.0425, -1.04%
26 Jul 2024,-, -,4.1045,-0.008, -0.19%
25 Jul 2024,-, -,4.1125,0.0135, 0.33%
24 Jul 2024,-, -,4.099,-0.047, -1.13%
23 Jul 2024,-, -,4.146,-0.0345, -0.83%
22 Jul 2024,-, -,4.1805,-0.0385, -0.91%
19 Jul 2024,-, -,4.219,-0.047, -1.10%
18 Jul 2024,-, -,4.266,-0.133, -3.02%
17 Jul 2024,-, -,4.399,-0.045, -1.01%
16 Jul 2024,-, -,4.444,-0.085, -1.88%
15 Jul 2024,-, -,4.529,-0.0695, -1.51%
12 Jul 2024,-, -,4.5985,0.09, 2.00%
11 Jul 2024,-, -,4.5085,-0.099, -2.15%
10 Jul 2024,-, -,4.6075,0.0295, 0.64%
09 Jul 2024,-, -,4.578,-0.044, -0.95%
08 Jul 2024,-, -,4.622,-0.0365, -0.78%
05 Jul 2024,-, -,4.6585,0.1175, 2.59%
03 Jul 2024,-, -,4.541,0.1115, 2.52%
02 Jul 2024,-, -,4.4295,0.003, 0.07%
01 Jul 2024,-, -,4.4265,0.036, 0.82%
28 Jun 2024,-, -,4.3905,0.062, 1.43%
27 Jun 2024,-, -,4.3285,-0.039, -0.89%
26 Jun 2024,-, -,4.3675,-0.0135, -0.31%
25 Jun 2024,-, -,4.381,-0.146, -3.23%
24 Jun 2024,-, -,4.527,0.033, 0.73%
21 Jun 2024,-, -,4.494,-0.124, -2.69%
20 Jun 2024,-, -,4.618,0.056, 1.23%
18 Jun 2024,-, -,4.562,0.0405, 0.90%
17 Jun 2024,-, -,4.5215,-0.0295, -0.65%
14 Jun 2024,-, -,4.551,0.0435, 0.97%
13 Jun 2024,-, -,4.5075,-0.074, -1.62%
12 Jun 2024,-, -,4.5815,0.0585, 1.29%
11 Jun 2024,-, -,4.523,-0.0335, -0.74%
10 Jun 2024,-, -,4.5565,0.062, 1.38%
07 Jun 2024,-, -,4.4945,-0.1965, -4.19%
06 Jun 2024,-, -,4.691,0.0715, 1.55%
05 Jun 2024,-, -,4.6195,0.0715, 1.57%
04 Jun 2024,-, -,4.548,-0.129, -2.76%
03 Jun 2024,-, -,4.677,0.067, 1.45%
31 May 2024,-, -,4.61,-0.062, -1.33%
30 May 2024,-, -,4.672,-0.1335, -2.78%
29 May 2024,-, -,4.8055,-0.07, -1.44%
28 May 2024,-, -,4.8755,0.097, 2.03%
24 May 2024,-, -,4.7785,-0.038, -0.79%
23 May 2024,-, -,4.8165,-0.051, -1.05%
22 May 2024,-, -,4.8675,-0.2515, -4.91%
21 May 2024,-, -,5.119,0.0315, 0.62%
20 May 2024,-, -,5.0875,0.0305, 0.60%
17 May 2024,-, -,5.057,0.165, 3.37%
16 May 2024,-, -,4.892,-0.0775, -1.56%
15 May 2024,-, -,4.9695,0.016, 0.32%
14 May 2024,-, -,4.9535,0.149, 3.10%
13 May 2024,-, -,4.8045,0.111, 2.36%
10 May 2024,-, -,4.6935,0.086, 1.87%
09 May 2024,-, -,4.6075,0.0455, 1.00%
08 May 2024,-, -,4.562,-0.0635, -1.37%
07 May 2024,-, -,4.6255,-0.009, -0.19%
06 May 2024,-, -,4.6345,0.061, 1.33%
03 May 2024,-, -,4.5735,0.0795, 1.77%
02 May 2024,-, -,4.494,-0.0585, -1.29%
01 May 2024,-, -,4.5525,-0.012, -0.26%
30 Apr 2024,-, -,4.5645,-0.0945, -2.03%
29 Apr 2024,-, -,4.659,0.09, 1.97%
26 Apr 2024,-, -,4.569,-0.0015, -0.03%
25 Apr 2024,-, -,4.5705,0.1035, 2.32%
24 Apr 2024,-, -,4.467,-0.0235, -0.52%
23 Apr 2024,-, -,4.4905,-0.01, -0.22%
22 Apr 2024,-, -,4.5005,-0.0015, -0.03%
19 Apr 2024,-, -,4.502,0.0615, 1.38%
18 Apr 2024,-, -,4.4405,0.098, 2.26%
17 Apr 2024,-, -,4.3425,0.037, 0.86%
16 Apr 2024,-, -,4.3055,-0.0735, -1.68%
15 Apr 2024,-, -,4.379,0.1215, 2.85%
12 Apr 2024,-, -,4.2575,0.0055, 0.13%
11 Apr 2024,-, -,4.252,-0.03, -0.70%
10 Apr 2024,-, -,4.282,-0.004, -0.09%
09 Apr 2024,-, -,4.286,0.009, 0.21%
08 Apr 2024,-, -,4.277,0.0375, 0.88%
05 Apr 2024,-, -,4.2395,-0.007, -0.16%
04 Apr 2024,-, -,4.2465,0.0535, 1.28%
03 Apr 2024,-, -,4.193,0.123, 3.02%
02 Apr 2024,-, -,4.07,0.024, 0.59%
01 Apr 2024,-, -,4.046,0.0425, 1.06%
28 Mar 2024,-, -,4.0035,0.011, 0.28%
27 Mar 2024,-, -,3.9925,-0.0035, -0.09%
26 Mar 2024,-, -,3.996,-0.011, -0.27%
25 Mar 2024,-, -,4.007,0.011, 0.28%
22 Mar 2024,-, -,3.996,-0.0505, -1.25%
21 Mar 2024,-, -,4.0465,0.008, 0.20%
20 Mar 2024,-, -,4.0385,-0.02, -0.49%
19 Mar 2024,-, -,4.0585,-0.056, -1.36%
18 Mar 2024,-, -,4.1145,0.002, 0.05%
15 Mar 2024,-, -,4.1125,0.0755, 1.87%
14 Mar 2024,-, -,4.037,-0.0155, -0.38%
13 Mar 2024,-, -,4.0525,0.1275, 3.25%
12 Mar 2024,-, -,3.925,0.0025, 0.06%
11 Mar 2024,-, -,3.9225,0.0375, 0.97%
08 Mar 2024,-, -,3.885,-0.0345, -0.88%
07 Mar 2024,-, -,3.9195,0.049, 1.27%
06 Mar 2024,-, -,3.8705,0.0265, 0.69%
05 Mar 2024,-, -,3.844,-0.008, -0.21%
04 Mar 2024,-, -,3.852,-0.003, -0.08%
01 Mar 2024,-, -,3.855,0.0205, 0.53%
29 Feb 2024,-, -,3.8345,0.007, 0.18%
28 Feb 2024,-, -,3.8275,-0.0035, -0.09%
27 Feb 2024,-, -,3.831,0.007, 0.18%
26 Feb 2024,-, -,3.824,-0.058, -1.49%
23 Feb 2024,-, -,3.882,-0.0155, -0.40%
22 Feb 2024,-, -,3.8975,0.023, 0.59%
21 Feb 2024,-, -,3.8745,0.008, 0.21%
20 Feb 2024,-, -,3.8665,0.0285, 0.74%
16 Feb 2024,-, -,3.838,0.0815, 2.17%
15 Feb 2024,-, -,3.7565,0.056, 1.51%
14 Feb 2024,-, -,3.7005,-0.0135, -0.36%
13 Feb 2024,-, -,3.714,-0.0145, -0.39%
12 Feb 2024,-, -,3.7285,0.0425, 1.15%
09 Feb 2024,-, -,3.686,-0.0195, -0.53%
08 Feb 2024,-, -,3.7055,-0.032, -0.86%
07 Feb 2024,-, -,3.7375,-0.045, -1.19%
06 Feb 2024,-, -,3.7825,0.0105, 0.28%
05 Feb 2024,-, -,3.772,-0.0495, -1.30%
02 Feb 2024,-, -,3.8215,-0.031, -0.80%
01 Feb 2024,-, -,3.8525,-0.05, -1.28%
31 Jan 2024,-, -,3.9025,-0.004, -0.10%
30 Jan 2024,-, -,3.9065,0.0335, 0.86%
29 Jan 2024,-, -,3.873,0.0225, 0.58%
26 Jan 2024,-, -,3.8505,-0.015, -0.39%
25 Jan 2024,-, -,3.8655,-0.017, -0.44%
24 Jan 2024,-, -,3.8825,0.092, 2.43%
23 Jan 2024,-, -,3.7905,0.0265, 0.70%
22 Jan 2024,-, -,3.764,-0.023, -0.61%
19 Jan 2024,-, -,3.787,0.042, 1.12%
18 Jan 2024,-, -,3.745,0.0125, 0.33%
17 Jan 2024,-, -,3.7325,-0.034, -0.90%
16 Jan 2024,-, -,3.7665,0.0265, 0.71%
12 Jan 2024,-, -,3.74,-0.0365, -0.97%
11 Jan 2024,-, -,3.7765,-0.0045, -0.12%
10 Jan 2024,-, -,3.781,0.0325, 0.87%
09 Jan 2024,-, -,3.7485,-0.051, -1.34%
08 Jan 2024,-, -,3.7995,0.005, 0.13%
05 Jan 2024,-, -,3.7945,-0.0365, -0.95%
04 Jan 2024,-, -,3.831,-0.0165, -0.43%
03 Jan 2024,-, -,3.8475,-0.0215, -0.56%
02 Jan 2024,-, -,3.869,0.0, 0.00%
